12220000000000000000000
11100000000000000000000
10000000000000003000000
10000000000000000000000
10000300022000000000000
12000000011222000000300
11200000011111000000000
1112200000000000000000000001
1111120000003000000000000001
11111122222222220022222000111
1111111111111110000111100001
11111111111111100000000
11111111111111103000000
11111111111111111111111
10000000000000000000000
10000000000000000000000
10000000000000000000000
10000000000000000000000
10000000000000000000000
10000000000000000000000
10000000000000000000000
10000000010000001000000
10100000011000001100001111111111
000000000000000000000000000000000000000000000000000000000000000
000000000000000000000000000000000000000000000000000000000000000
010000000000000000000000000000000000000000000000000000000000000
001000000000000000000000000000000000000000000000000000000000000
000100000000000000000000000000000000000000000000000000000000000
00001000000000000100000000000000000000000000000011110000000000
000001000000000000000000001110000000000000000000000000000000000
0000001000000000000000000000000000000000100000000000000000000
000000010000000000110000000000000000000000000000000000000000000
000000000000000000000000000000000000000000000000000000000000000
00000000011111000000000000100000000001110000000000000000000000
000000000000000000000000000000010000000000000000000000000000000
000000000000000000000000010000000000000000000000000000000000000
000000000000000000000000000000000000000000000000000000000000000
000000000000000000111000000000000000000000000000000000000000000
000000000000000000000000000000000000000000000000000000000000000
000000000000000000000000000000000000000000000000000000000000000
000000000000000000000000000000000000000000000000000000000000000
000000000000000000000000000000000000000000000000000000000000000

